[@长安城]
{
0		16,350		->		2k_0	201,23
0		16,351		->		2k_0	201,23
0		16,352		->		2k_0	201,23
0		16,353		->		2k_0	201,23
0		16,354		->		2k_0	201,23
0		16,355		->		2k_0	201,23
0		16,356		->		2k_0	201,23
0		16,357		->		2k_0	201,23
0		16,358		->		2k_0	201,23
0		17,358		->		2k_0	201,23
0		17,359		->		2k_0	201,23
0		18,359		->		2k_0	201,23
0		18,360		->		2k_0	201,23
0		18,361		->		2k_0	201,23
0		18,362		->		2k_0	201,23
0		17,346		->		2k_0	201,23
0		17,347		->		2k_0	201,23
0		17,348		->		2k_0	201,23
0		17,349		->		2k_0	201,23
0		17,350		->		2k_0	201,23
0		18,346		->		2k_0	201,23
0		18,347		->		2k_0	201,23
0		18,348		->		2k_0	201,23
0		18,349		->		2k_0	201,23
0		18,350		->		2k_0	201,23
0		19,345		->		2k_0	201,23
0		20,345		->		2k_0	201,23

0          346,186              ->         0122       11,41
0          347,186              ->         0122       12,42
0          348,187              ->         0122       13,43
0122       11,42                ->         0          346,187
20122      12,43                ->         0          348,188
0122       13,44                ->         0          347,187

0          395,229              ->         0110       11,15
0          396,229              ->         0110       10,16
0          400,225              ->         0111       10,16
0          399,225              ->         0111       11,15
0          403,221              ->         0112       11,15
0          404,221              ->         0112       10,16
0110       12,15                ->         0          396,230
0110       11,16                ->         0          397,230
0111       12,15                ->         0          400,226
0111       11,16                ->         0          401,226
0112       11,16                ->         0          404,222
0112       12,15                ->         0          404,222

0          308,264              ->         0102       3,7
0102       3,8                  ->         0          308,265

0          326,288              ->         0108       10,12
0108       10,13                ->         0          326,289

0108       4,15                 ->         0109       7,6
0109       8,6                  ->         0108       4,14

0          323,247              ->         0104       4,10
0104       4,11                 ->         0          323,248

0          354,319              ->         0107       9,13
0107       10,13                ->         0          354,320

0          295,250              ->         0125       8,16
0          296,250              ->         0125       8,16
0          296,251              ->         0125       7,16
0125       7,17                 ->         0          295,251
0125       8,17                 ->         0          296,252

0125       4,10                 ->         0126       3,9
0126       3,10                 ->         0125       5,11

0          335,299              ->         0103       5,12
0          335,300              ->         0103       6,12
0103       4,13                 ->         0          334,300
0103       5,13                 ->         0          334,301
0          344,308              ->         0103       17,24
0          345,308              ->         0103       18,24
0103       16,25                ->         0          345,310
0103       17,25                ->         0          344,309

0          295,284              ->         0105       8,24
0          295,285              ->         0105       9,23
0105       9,25                 ->         0          295,286
0105       9,24                 ->         0          296,285
0          305,275              ->         0105       20,12
0          305,276              ->         0105       21,11
0105       21,12                ->         0          306,276
0105       21,13                ->         0          306,277

0          307,310              ->         0106       8,24
0          307,311              ->         0106       9,23
0106       9,25                 ->         0          307,312
0106       9,24                 ->         0          308,311
0          317,301              ->         0106       21,11
0          317,302              ->         0106       20,12
0106       21,13                ->         0          318,302
0106       21,12                ->         0          318,303

0          286,295              ->         0101       9,22
0101       10,22                ->         0          287,296
0          289,292              ->         0101       17,14
0101       18,14                ->         0          290,293

0101       3,19                 ->         0100       11,13
0100       11,14                ->         0101       3,20

0          278,239              ->         0128       6,8
0128       6,9                  ->         0          278,240
0          285,236              ->         0129       2,6
0129       2,7                  ->         0          284,237

0          271,256              ->         0123       13,17
0123       12,18                ->         0          270,257

0          283,268              ->         0124       7,12
0124       6,13                 ->         0          282,268

0          107,316              ->         0114       15,16
0114       15,17                ->         0          107,317

0          314,474              ->         0115       17,20
0115       17,21                ->         0          315,475

0          544,560              ->         0113       13,15
0113       13,16                ->         0          544,561

0          414,242              ->         0137       19,20
0          415,241              ->         0137       18,21
0          416,240              ->         0137       17,22
0137       18,23                ->         0          416,245
0137       19,22                ->         0          417,244
0137       20,21                ->         0          418,243

0          664,212              ->         D401       25,181
0          664,213              ->         D401       24,181
D401       24,182               ->         0          664,214
}

[@大唐境内]
{
0          324,34               ->         1          559,553
0          325,34               ->         1          560,553
0          325,35               ->         1          560,554
0          326,35               ->         1          561,554
0          326,36               ->         1          561,555
0          327,36               ->         1          562,555
0          327,37               ->         1          562,556
0          328,37               ->         1          563,556
0          328,38               ->         1          563,557
0          325,33               ->         1          560,552
0          326,33               ->         1          561,552
0          326,34               ->         1          561,553
0          327,34               ->         1          562,553
0          327,35               ->         1          562,554
0          328,35               ->         1          563,554
0          328,36               ->         1          563,555
0          329,36               ->         1          564,555
0          329,37               ->         1          564,556

1          559,554              ->         0          324,35
1          559,555              ->         0          324,36
1          560,555              ->         0          325,36
1          560,556              ->         0          325,37
1          561,556              ->         0          326,37
1          561,557              ->         0          326,38
1          562,557              ->         0          327,38
1          562,558              ->         0          327,39
1          563,558              ->         0          328,39
1          558,555              ->         0          323,36
1          558,556              ->         0          323,37
1          559,556              ->         0          324,37
1          559,557              ->         0          324,38
1          560,557              ->         0          325,38
1          560,558              ->         0          325,39
1          561,558              ->         0          326,39
1          561,559              ->         0          326,40
1          562,559              ->         0          327,40


1          47,170               ->         4          445,193
1          47,169               ->         4          446,192
1          48,168               ->         4          447,191
1          49,167               ->         4          448,190
1          50,166               ->         4          449,189
1          51,165               ->         4          450,188
4          445,193              ->         1          47,170
4          446,192              ->         1          47,169
4          447,191              ->         1          48,168
4          448,190              ->         1          49,167
4          449,189              ->         1          50,166
4          450,188              ->         1          51,165

1          43,34                ->         11         46,481
1          44,33                ->         11         47,480
1          45,32                ->         11         48,479
1          46,31                ->         11         49,478
1          47,30                ->         11         50,477

11         47,482               ->         1          44,35
11         48,481               ->         1          45,34
11         49,480               ->         1          46,33
11         50,479               ->         1          47,32
11         51,478               ->         1          48,31

6         472,376          ->          1          207,529
6         471,375          ->          1          206,528
6         473,377          ->          1          206,529
1         203,526          ->          6          472,376
1         203,527          ->          6          472,376
1         203,528          ->          6          472,376
1         203,529          ->          6          472,376
1         203,530          ->          6          472,376
1         203,531          ->          6          472,376
1         203,532          ->          6          472,376
1         203,533          ->          6          472,376
1         203,534          ->          6          472,376
1         202,534          ->          6          471,375
1         202,533          ->          6          471,375
1         202,532          ->          6          471,375
1         202,531          ->          6          471,375
1         202,530          ->          6          471,375
1         202,529          ->          6          471,375
1         202,528          ->          6          471,375
1         202,527          ->          6          471,375
1         202,526          ->          6          471,375
1         201,527          ->          6          473,377
1         201,528          ->          6          473,377
1         201,529          ->          6          473,377
1         201,530          ->          6          473,377
1         201,531          ->          6          473,377
1         201,532          ->          6          473,377
1         201,533          ->          6          473,377
1         201,534          ->          6          473,377
1         201,535          ->          6          473,377
}

0          324,34               ->         3          273,750
0          325,34               ->         3          274,750
0          325,35               ->         3          274,751
0          326,35               ->         3          275,751
0          326,36               ->         3          275,752
0          327,36               ->         3          276,752
0          327,37               ->         3          276,753
0          328,37               ->         3          274,749
0          328,38               ->         3          275,749
0          325,33               ->         3          275,750
0          326,33               ->         3          276,750
0          326,34               ->         3          276,751
0          327,34               ->         3          277,751
0          327,35               ->         3          277,752
0          328,35               ->         3          277,752
0          328,36               ->         3          277,752
0          329,36               ->         3          277,752
0          329,37               ->         3          277,752

3          272,751              ->         0          324,35
3          272,752              ->         0          324,36
3          273,752              ->         0          325,36
3          273,753              ->         0          325,37
3          274,753              ->         0          326,37
3          274,754              ->         0          326,38
3          275,754              ->         0          327,38
3          271,752              ->         0          327,39
3          271,753              ->         0          328,39
3          272,753              ->         0          323,36
3          272,754              ->         0          323,37
3          273,754              ->         0          324,37
3          273,755              ->         0          324,38
3          274,755              ->         0          325,38

[@盟重省]
{
0          671,82               ->         3          512,774
0          672,82               ->         3          513,774
0          672,83               ->         3          513,775
0          673,83               ->         3          514,775
0          673,84               ->         3          514,776
0          674,84               ->         3          515,776
0          674,85               ->         3          515,777
0          675,85               ->         3          516,777
0          675,86               ->         3          516,778
0          672,81               ->         3          513,773
0          673,81               ->         3          514,773
0          673,82               ->         3          514,774
0          674,82               ->         3          515,774
0          674,83               ->         3          515,775
0          675,83               ->         3          516,775
0          675,84               ->         3          517,776
0          676,84               ->         3          516,776
0          676,85               ->         3          517,777     

3          511,775              ->         0          670,83
3          511,776              ->         0          670,84
3          512,776              ->         0          671,85
3          512,777              ->         0          672,85
3          513,777              ->         0          672,86
3          513,778              ->         0          673,86
3          514,778              ->         0          673,87
3          514,779              ->         0          674,87
3          515,779              ->         0          669,84
3          510,776              ->         0          669,85
3          510,777              ->         0          670,86
3          511,777              ->         0          671,86
3          511,778              ->         0          671,87
3          512,778              ->         0          672,87
3          512,779              ->         0          672,88
3          513,779              ->         0          673,88
3          513,780              ->         0          671,88
3          514,780              ->         0          672,89     
}

[@盟重房屋]
{
3          276,320              ->         0143       15,20
0143       16,20                ->         3          277,320

3          255,335              ->         0144       8,19
3          258,334              ->         0144       17,18
0144       9,20                 ->         3          256,336
0144       16,18                ->         3          257,335

3          305,368              ->         0145       6,16
3          306,369              ->         0145       7,17
3          306,368              ->         0145       6,16
0145       5,16                 ->         3          304,369
0145       6,17                 ->         3          305,370

0145       8,2                  ->         0146       7,7
0145       9,3                  ->         0146       8,8
0146       6,8                  ->         0145       8,3
0146       7,8                  ->         0145       9,4

3          392,329              ->         0147       3,15
0147       2,16                 ->         3          392,330

3          290,367              ->         0148       9,15
0148       10,15                ->         3          291,368

3          311,292              ->         0149       3,9
3          321,302              ->         0149       17,25
0149       2,10                 ->         3          310,293
0149       17,26                ->         3          320,303

3          290,302              ->         0158       7,27
3          300,293              ->         0158       22,12
0158       7,28                 ->         3          291,303
0158       22,13                ->         3          301,294

3          330,314              ->         0159       5,16
0159       4,16                 ->         3          329,315

3          269,351              ->         0160       3,15
0160       2,15                 ->         3          268,352

3          410,321              ->         0161       7,16
3          411,322              ->         0161       8,17
0161       6,16                 ->         3          409,322
0161       7,17                 ->         3          410,323

3 381,299 -> 0170 7,21
0170 7,21 -> 3 381,299
0170 8,22 -> 3 381,299

0170 12,6 -> 0171 13,9
0171 12,10 -> 0170 12,6
}

[@沙巴克]
{
3          630,274              ->         0150       15,19
3          631,273              ->         0150       16,18
0150       15,20                ->         3          631,275
0150       16,19                ->         3          632,274

0150       8,23                 ->         3          624,271
3          624,270              ->         0150       9,23
3          624,278              ->         0150       6,21
3          627,278              ->         0150       11,22
3          634,271              ->         0150       19,14
3          626,320              ->         0151       6,22
3          634,312              ->         0151       17,10
0151       7,23                 ->         3          627,321
0151       18,11                ->         3          635,313
0151       6,23                 ->         3          627,321

3          637,242              ->         0152       10,15
0152       10,16                ->         3          638,243

3          637,333              ->         0153       6,21
3          645,325              ->         0153       17,9
0153       6,22                 ->         3          638,334
0153       18,10                ->         3          646,326

3          676,293              ->         0154       5,21
3          683,285              ->         0154       16,10
3          676,292              ->         0154       5,21
3          683,286              ->         0154       16,10
0154       6,22                 ->         3          677,294
0154       17,11                ->         3          684,286

3          664,282              ->         0155       5,21
3          672,274              ->         0155       17,9
0155       6,22                 ->         3          665,283
0155       18,10                ->         3          673,275

3          600,282              ->         0156       9,15
0156       10,16                ->         3          601,283

;沙巴克暗道
3          564,287              ->         D701       28,22
3          564,286              ->         D701       28,22
D701       27,23                ->         3          563,286

D701       171,132              ->         3          660,276
D701       171,133              ->         3          660,276
3          661,277              ->         D701       169,136

D701       31,128               ->         3          577,295
3          578,296              ->         D701       32,127

D701       172,79               ->         D71601     25,13
}

[@沃玛寺庙]
{
1          84,277               ->         D021       76,74
1          84,278               ->         D021       76,75
D021       77,75                ->         1          85,278
D021       77,76                ->         1          85,279

D021       26,27                ->         D024       16,19
D021       26,26                ->         D024       16,19
D024       16,18                ->         D021       25,26
}

[@祖玛寺庙]
{
3          862,174              ->         0157       9,25
3          863,174              ->         0157       10,26
0157       8,26                 ->         3          861,175
0157       9,27                 ->         3          862,175

0157       20,15                ->         D5071      8,10
D5071      7,9                  ->         0157       19,16

D5071      39,43                ->         D5072      7,51
D5072      6,50                 ->         D5071      38,42

D5072      90,20                ->         D5073      10,69
D5073      9,70                 ->         D5072      89,21

D5073      60,9                 ->         D5074      47,90
D5074      48,91                ->         D5073      59,10

D5074      77,15                ->         D515       14,31
D515       13,32                ->         D5074      76,16
}

[@石墓]
{
3          306,322              ->         D710       28,21
D710       26,23                ->         3          304,325

D710       25,21                ->         D71601     25,13
D71601     25,12                ->         D710       26,20

D716       25,26                ->         D717       26,74
D717       25,75                ->         D716       24,27

D71601 17,12 -> D71602 36,34 
D71602 17,12 -> D71621 36,34 
D71603 17,12 -> D71615 36,34 
D71604 17,12 -> D71611 36,34 
D71605 17,12 -> D71613 36,34 
D71606 17,12 -> D71625 36,34 
D71607 17,12 -> D71623 36,34 
D71608 17,12 -> D71612 36,34 
D71609 17,12 -> D71610 36,34 
D71610 17,12 -> D71605 36,34 
D71611 17,12 -> D71619 36,34 
D71612 17,12 -> D71606 36,34 
D71613 17,12 -> D71616 36,34 
D71614 17,12 -> D71622 36,34 
D71615 17,12 -> D71614 36,34 
D71616 17,12 -> D71607 36,34 
D71617 17,12 -> D71604 36,34 
D71618 17,12 -> D71618 36,34 
D71619 17,12 -> D71624 36,34 
D71620 17,12 -> D71617 36,34 
D71621 17,12 -> D71608 36,34 ；----去石墓7
D71622 17,12 -> D71603 36,34 
D71623 17,12 -> D71601 36,34 
D71624 17,12 -> D71609 36,34 
D71625 17,12 -> D71623 36,34 
D71601 37,35 -> D71621 18,13 ；----去石墓7
D71602 37,35 -> D71615 18,13 
D71603 37,35 -> D71611 18,13 
D71604 37,35 -> D71613 18,13 
D71605 37,35 -> D71625 18,13 
D71606 37,35 -> D71623 18,13 
D71607 37,35 -> D71612 18,13 
D71608 37,35 -> D71610 18,13 ；----去石墓7
D71609 37,35 -> D71605 18,13 
D71610 37,35 -> D71619 18,13 
D71611 37,35 -> D71606 18,13 
D71612 37,35 -> D71616 18,13 
D71613 37,35 -> D71602 18,13 
D71614 37,35 -> D71614 18,13 
D71615 37,35 -> D71607 18,13 
D71616 37,35 -> D71604 18,13 
D71617 37,35 -> D71618 18,13 
D71618 37,35 -> D71624 18,13 
D71619 37,35 -> D71617 18,13 
D71620 37,35 -> D71608 18,13 
;D71621 37,35 -> D71603 18,13 
D71622 37,35 -> D71601 18,13 
;D71623 37,35 -> D71609 18,13 
D71624 37,35 -> D71620 18,13 
D71625 37,35 -> D71624 18,13 
D71601 13,37 -> D71615 36,17 
D71602 13,37 -> D71611 36,17 
D71603 13,37 -> D71613 36,17 
D71604 13,37 -> D71625 36,17 
D71605 13,37 -> D71623 36,17 
D71606 13,37 -> D71612 36,17 
D71607 13,37 -> D71610 36,17 
D71608 13,37 -> D71605 36,17 
D71609 13,37 -> D71621 36,17 
D71610 13,37 -> D71606 36,17 ；----去石墓7
D71611 13,37 -> D71616 36,17 
D71612 13,37 -> D716   36,17 
D71613 13,37 -> D71619 36,17 
D71614 13,37 -> D71622 36,17 
D71615 13,37 -> D71614 36,17 
D71616 13,37 -> D71607 36,17 
D71617 13,37 -> D71604 36,17 
D71618 13,37 -> D71618 36,17 
D71619 13,37 -> D71624 36,17 
D71620 13,37 -> D71617 36,17 
D71621 13,37 -> D71608 36,17 
D71622 13,37 -> D71603 36,17 
D71623 13,37 -> D71601 36,17 
D71624 13,37 -> D71609 36,17 
;D71625 13,37 -> D71623 36,17 
D71601 37,16 -> D71621 14,36 
D71602 37,16 -> D71615 14,36 
D71603 37,16 -> D71611 14,36 
D71604 37,16 -> D71613 14,36 
D71605 37,16 -> D71625 14,36 
;D71606 37,16 -> D71623 14,36 
D71607 37,16 -> D71612 14,36 
D71608 37,16 -> D71610 14,36 
D71609 37,16 -> D71605 14,36 
D71610 37,16 -> D71619 14,36 
D71611 37,16 -> D71606 14,36 
D71612 37,16 -> D71616 14,36 
D71613 37,16 -> D71602 14,36 
D71614 37,16 -> D71614 14,36 
D71615 37,16 -> D71607 14,36 
;D71616 37,16 -> D71604 14,36 
D71617 37,16 -> D71618 14,36 
D71618 37,16 -> D71624 14,36 
D71619 37,16 -> D71617 14,36 
D71620 37,16 -> D71608 14,36 
D71621 37,16 -> D71603 14,36 
D71622 37,16 -> D71601 14,36 
D71623 37,16 -> D71609 14,36 
D71624 37,16 -> D71620 14,36 
D71625 37,16 -> D71624 14,36 

D71625 13,37 -> D71603 36,17 
D716 37,16 -> D71650 13,37

D71606 37,16 -> D71650 14,36 ；----去石墓7
D71616 37,16 -> D71651 14,36
D71621 37,35 -> D71652 18,13
D71623 37,35 -> D71653 18,13

D71650 13,37 -> D716 36,17 ；----去石墓7
D71651 13,37 -> D71610 36,17
D71652 17,12 -> D71602 36,34
D71653 17,12 -> D71603 36,34
}

[@封魔谷]
{
B341     26,30  -> 4     219,196
B341     25,31  -> 4     218,197
B342     18,13  -> 4     221,234
B342     10,21  -> 4     217,238
B343     18,13  -> 4     233,250
B343     10,21  -> 4     226,252
B344      6,11  -> 4     233,234
B344     13,18  -> 4     238,238
B345     13,19  -> 4     258,204
B345      5,11  -> 4     251,199
B346      5,18  -> 4     192,218
B347     14,15  -> 4      236,181
4     219,196  -> B341     26,30
4     218,197  -> B341     25,31
4     221,234  -> B342     18,13
4     217,238  -> B342     10,21
4     233,250  -> B343     18,13
4     226,252  -> B343     10,21
4     233,234  -> B344      6,11
4     238,238  -> B344     13,18
4     258,204  -> B345     13,19
4     251,199  -> B345      5,11
4     192,218  -> B346      5,18
4      236,181  ->  B347     14,15 

M100      29 81         ->         M101      12,41
M101      11,42         ->         M100      29,81
M101      12,43         ->         M100      29,81
M101      13,44         ->         M100      29,81
B341       11,29                ->         M100          288,284
M100       288,284              ->         B341       11,29
}
[@苍月岛]
{
5          127,301              ->         B351       11,13
B351       11,13                ->         5          127,301
B351       11,14                ->         5          127,301
B351       12:13                ->         5          127,301
5          158,336              ->         B352       8,13
B352       8,13                 ->         5          158,336
B352       7,13                 ->         5          158,336
B352       8,14                 ->         5          158,336
5          146,324              ->         B353       8,21
B353       8,21                 ->         5          146,324
5          125,324              ->         B354       11,19
5          126,324              ->         B354       12,19
B354       11,19                ->         5          125,324
B354       12,19                ->         5          126,324
5          152,294              ->         B355       9,16
B355       9,16                 ->         5          152,294
B355       9,17                 ->         5          152,294
B355       10,16                ->         5          152,294
5          167,314              ->         B356       10,19
B356       10,19                ->         5          167,314
}

[@魔龙城]
{


}

[@白日门]
{
11         347,241              ->         12         322,475
11         348,240              ->         12         323,474
11         349,239              ->         12         324,473
11         350,238              ->         12         325,472
11         351,237              ->         12         326,471
11         352,236              ->         12         327,470

12         323,476              ->         11         348,242
12         324,475              ->         11         349,241
12         325,474              ->         11         350,240
12         326,473              ->         11         351,239
12         327,472              ->         11         352,238
12         328,471              ->         11         353,237

11         145,324              ->         1005       11,15
11         176,362              ->         1007       6,17
11         178,295              ->         1006       7,15
11         207,318              ->         1003       8,11
11         208,272              ->         1004       11,15
11         225,300              ->         1001       6,17
11         228,268              ->         1002       10,17

1005       12,16                ->         11         146,325
1007       5,18                 ->         11         175,363
1006       8,16                 ->         11         179,296
1003       7,12                 ->         11         206,319
1004       12,16                ->         11         209,273
1001       5,18                 ->         11         224,301
1002       9,18                 ->         11         227,269
}

[@死亡山谷]
{
3          139,85               ->         D616       25,17
D616       26,16                ->         3          140,87

D616       86,17                ->         D613       9,51
D613       8,50                 ->         D616       85,18

D613       12,13                ->         D615       63,83
D615       64,82                ->         D613       13,14

D615       88,75                ->         D606       10,26
D606       9,25                 ->         D615       87,76
}

[@赤月]
{
11         347,241              ->         D1004      120,37
11         348,240              ->         D1004      120,37
11         349,239              ->         D1004      120,37
11         350,238              ->         D1004      171,88
11         351,237              ->         D1004      171,88
11         352,236              ->         D1004      171,88

D1004      170,89               ->         11         350,240
D1004      121,38               ->         11         351,239

D10031     149,103              ->         D1004      120,37
D1004      121,38               ->         D10031     150,104

D1004      217,133              ->         D10052     97,184
D10052     98,185               ->         D1004      216,132

D1004      146,110              ->         D10051     48,188
D10051     47,189               ->         D1004      145,111

D10051     178,53               ->         D10061     20,25
D10061     21,26                ->         D10051     179,54

D10052     140,23               ->         D10062     12,24
D10062     11,25                ->         D10052     139,24
}

[@封魔矿区]
{
4   140,67  -> D2002  33,39
4    56,66  -> D2002  33,39
D2002  33,39  -> 4    56,66

D2002      29,11  -> D2004     77,77
D2004     77,77  -> D2002      29,11

D2004     19,16  -> D2005     85,88
D2005     85,88  -> D2004     19,16

D2005     18,21  -> D2006     74,81
D2006     74,81  -> D2005     18,21

D2006     15,21  ->  D2008     84,85
D2008     84,85  -> D2006     15,21

D2008     26,23  -> D2012  84,85
D2012     84,85  -> D2008     26,23

D2012     18,21   ->  D2013  82,83
D2013  82,83  -> D2012     18,21
}

[@魔龙]
{
6 463,69 -> 621 30,118
6 462,68 -> 621 31,117
6 461,67 -> 621 32,116
6 460,66 -> 621 29,119
6 459,65 -> 621 28,120
621 30,118 -> 6 463,69
621 31,117 -> 6 463,69
621 32,116 -> 6 463,69
621 29,119 -> 6 463,69
621 28,120 -> 6 463,69

621 369,140 -> 622 33,264
621 371,138 -> 622 31,268
621 369,140 -> 622 33,266
621 367,142 -> 622 35,264
622 33,264 -> 621 369,140
622 32,267 -> 621 370,139
622 34,265 -> 621 368,141
622 36,263 -> 621 366,134

622 263,38 -> 632 158,167
622 262,39 -> 632 158,167
622 261,40 -> 632 158,167
622 264,37 -> 632 158,167
622 265,36 -> 632 158,167
632 160,169 -> 622 265,40
632 158,171 -> 622 265,40
632 159,170 -> 622 265,40
632 161,168 -> 622 265,40
632 162,167 -> 622 265,40

632 26,37 -> 66 255,211
632 25,36 -> 66 255,211
632 27,38 -> 66 255,211
632 28,39 -> 66 255,211
66 255,214 -> 632 27,36 
66 256,213 -> 632 27,36
66 257,212 -> 632 27,36 
66 258,211 -> 632 27,36 
}

[@蚂蚁洞]
{
E601	13,50	->	E602	72,66
E602	72,65	->	E601	13,51

E602	10,9	->	E603	26,27
E603	26,26	->	E602	10,10
E603	27,27	->	E602	10,10

E603	110,182	->	E603	106,185
E603	107,184	->	E603	111,181

E603	10,69	->	E604	90,45
E604	90,44	->	E603	10,70

E604	10,9	->	E605	13,10
E605	13,10	->	E604	10,9
}

[@雷炎洞穴]
{
5 527,610 -> hl002 157,176
5 528,611 -> hl002 157,176
5 527,611 -> hl002 157,176
hl002 77,157 -> H301 51,27
}

[@火龙洞穴]
{
5 655,458 -> D2082 376,40
D2082 381,45 -> 5 658,462
D2082 374,273 -> D2083 39,89
D2083 38,92   -> D2082 374,273
D2083 37,90   -> D2082 374,275
D2083 38,91   -> D2082 374,274
}

[@静之冰窟]
{
5 549,126 -> jz006 62,54
5 550,127 -> jz006 62,54
5 549,127 -> jz006 62,54
jz006 65,46 -> 5 545,131

jz006 209,184 -> NZ016 27,52
NZ016 25,56 -> jz006 207,190

NZ016 208,102 -> jz001 15,51
jz001 16,49 -> NZ016 210,100
}

[@狐狸洞]
{
FOX02	19,39	->	FOX01	273,127
FOX02	20,38	->	FOX01	273,127
FOX01	274,126	->	FOX02	23,39
FOX01	115,19	->	FOX03	24,26
}

[@盘丝洞]
{
GUMI101	185,28	->	GUMI102	17,25
GUMI102	15,23	->	GUMI101	184,29
GUMI102	15,24	->	GUMI101	184,29
GUMI102	287,240	->	GUMI203	30,45
GUMI102	287,241	->	GUMI203	30,45
GUMI203	28,43	->	GUMI102	287,243
GUMI203	43,28	->	D5071	9,12
}

[@煞血洞]
{
HELL01	280,192	->	HELL02	15,276
HELL02	15,279	->	HELL01	278,196
HELL01	280,107	->	HELL02	17,31
HELL02	15,28	->	HELL01	278,104
HELL02	282,230	->	HELL03	18,278
HELL03	17,281	->	HELL02	280,233
;HELL03	276,26	->	HELL301	271,275	；----去暗黑之门
;HELL03	277,27	->	HELL301	271,275	；----去暗黑之门
}

[@潘夜洞]
{
REDCAVE01	288,175	->	REDCAVE02	17,145
REDCAVE02	16,146	->	REDCAVE01	287,176
REDCAVE02	161,267	->	REDCAVE01	50,34
;1
REDCAVE02	141,27	->	REDCAVE03	25,77
REDCAVE03	24,78	->	REDCAVE02	140,28
;2
REDCAVE02	285,165	->	REDCAVE03	55,80
REDCAVE03	54,81	->	REDCAVE02	284,166
;1
REDCAVE03	56,26	->	REDCAVE04	19,77
REDCAVE04	18,78	->	REDCAVE03	55,27
REDCAVE04	66,82	->	REDCAVE02	285,165
REDCAVE04	86,21	->	REDCAVEKING	17,104
;REDCAVEKING	40,134	->	REDCAVE02	285,165
;REDCAVEKING	105,24	->	HELL101	64,89	；----去地狱入口
;REDCAVEKING	123,44	->	HELL301	271,275	；----去暗黑之门
;2
REDCAVE03	78,71	->	HELL01	22,49	；----去煞血洞
}

[@暗黑之门]
{
HELL301	55,32	->	HELL302	26,44
HELL302	24,42	->	HELL301	54,34
HELL302	276,30	->	HELL302E	53,70	
HELL302E	24,71	->	HELL302	278,32
HELL302	274,276	->	HELL303	47,30
HELL303	45,28	->	HELL302	272,275
;HELL303	269,270	->	HELL304	28,54
HELL304	51，33	->	HELL_BOSS	56,142
}

[@地下宫殿]
{
GUMI201	154,15	->	GUMI201	189,284
GUMI201	286,214	->	GUMI201	153,16
GUMI201	190,286	->	GUMI201	20,124
GUMI201	19,123	->	GUMI201 285,212
}

[@地狱]
{
HELL101	20,16	->	HELL102	225,229
HELL102	14,83	->	HELL105	199,120
;HELL107 227,21	->	HELL301	271,275	；----去暗黑之门
}