[@祖玛副本]
{
$祖玛副本1	50	50	祖玛弓箭手11	25	10	60
$祖玛副本1	50	50	祖玛雕像11	25	10	60
$祖玛副本1	50	50	祖玛卫士11	25	10	60
$祖玛副本1	50	50	祖玛卫士15	25	2	60
$祖玛副本1	50	50	祖玛弓箭手15	25	2	60
$祖玛副本1	50	50	祖玛教主11	25	1	60

$祖玛副本2	50	50	祖玛弓箭手22	25	10	60
$祖玛副本2	50	50	祖玛雕像22	25	10	60
$祖玛副本2	50	50	祖玛卫士22	25	10	60
$祖玛副本2	50	50	祖玛卫士25	25	2	60
$祖玛副本2	50	50	祖玛弓箭手25	25	2	60
$祖玛副本2	50	50	祖玛教主22	25	1	60



$祖玛副本3	50	50	祖玛弓箭手33	25	10	60
$祖玛副本3	50	50	祖玛雕像33	25	10	60
$祖玛副本3	50	50	祖玛卫士33	25	10	60
$祖玛副本3	50	50	祖玛卫士35	25	2	60
$祖玛副本3	50	50	祖玛弓箭手35	25	2	60
$祖玛副本3	50	50	祖玛教主33	25	1	60




$祖玛副本4	50	50	祖玛弓箭手44	25	10	60
$祖玛副本4	50	50	祖玛雕像44	25	10	60
$祖玛副本4	50	50	祖玛卫士44	25	10	60
$祖玛副本4	50	50	祖玛卫士45	25	2	60
$祖玛副本4	50	50	祖玛弓箭手45	25	2	60
$祖玛副本4	50	50	祖玛教主44	25	1	60
}