[@赤月副本]
{
$赤月副本1	50	50	月魔蜘蛛11	25	10	60
$赤月副本1	50	50	花吻蜘蛛11	25	10	60
$赤月副本1	50	50	邪恶巨人11	25	10	60
$赤月副本1	50	50	双头血魔11	25	2	60
$赤月副本1	50	50	双头金刚11	25	2	60
$赤月副本1	50	50	赤月恶魔11	25	1	60


$赤月副本2	50	50	月魔蜘蛛22	25	10	60
$赤月副本2	50	50	花吻蜘蛛22	25	10	60
$赤月副本2	50	50	邪恶巨人22	25	10	60
$赤月副本2	50	50	双头血魔22	25	2	60
$赤月副本2	50	50	双头金刚22	25	2	60
$赤月副本2	50	50	赤月恶魔22	25	1	60




$赤月副本3	50	50	月魔蜘蛛33	25	10	60
$赤月副本3	50	50	花吻蜘蛛33	25	10	60
$赤月副本3	50	50	邪恶巨人33	25	10	60
$赤月副本3	50	50	双头血魔33	25	2	60
$赤月副本3	50	50	双头金刚33	25	2	60
$赤月副本3	50	50	赤月恶魔33	25	1	60


$赤月副本4	50	50	月魔蜘蛛44	25	10	60
$赤月副本4	50	50	花吻蜘蛛44	25	10	60
$赤月副本4	50	50	邪恶巨人44	25	10	60
$赤月副本4	50	50	双头血魔44	25	2	60
$赤月副本4	50	50	双头金刚44	25	2	60
$赤月副本4	50	50	赤月恶魔44	25	1	60
}