[@雷炎副本]
{
$雷炎副本1	50	50	雷炎蜘蛛11	25	10	60
$雷炎副本1	50	50	绿魔蜘蛛11	25	10	60
$雷炎副本1	50	50	黑牙蜘蛛11	25	10	60
$雷炎副本1	50	50	雷炎守卫11	25	2	60
$雷炎副本1	50	50	雷炎守卫15	25	2	60
$雷炎副本1	50	50	雷炎蛛王11	25	1	60


$雷炎副本2	50	50	雷炎蜘蛛22	25	10	60
$雷炎副本2	50	50	绿魔蜘蛛22	25	10	60
$雷炎副本2	50	50	黑牙蜘蛛22	25	10	60
$雷炎副本2	50	50	雷炎守卫22	25	2	60
$雷炎副本2	50	50	雷炎守卫25	25	2	60
$雷炎副本2	50	50	雷炎蛛王22	25	1	60


$雷炎副本3	50	50	雷炎蜘蛛33	25	10	60
$雷炎副本3	50	50	绿魔蜘蛛33	25	10	60
$雷炎副本3	50	50	黑牙蜘蛛33	25	10	60
$雷炎副本3	50	50	雷炎守卫33	25	2	60
$雷炎副本3	50	50	雷炎守卫35	25	2	60
$雷炎副本3	50	50	雷炎蛛王33	25	1	60


$雷炎副本4	50	50	雷炎蜘蛛44	25	10	60
$雷炎副本4	50	50	绿魔蜘蛛44	25	10	60
$雷炎副本4	50	50	黑牙蜘蛛44	25	10	60
$雷炎副本4	50	50	雷炎守卫44	25	2	60
$雷炎副本4	50	50	雷炎守卫45	25	2	60
$雷炎副本4	50	50	雷炎蛛王44	25	1	60
}