[@魔龙副本]
{
$魔龙副本1	50	50	魔龙刀兵11	25	10	60
$魔龙副本1	50	50	魔龙破甲兵11	25	10	60
$魔龙副本1	50	50	魔龙射手11	25	10	60
$魔龙副本1	50	50	魔龙巨蛾11	25	2	60
$魔龙副本1	50	50	魔龙力士11	25	2	60
$魔龙副本1	50	50	魔龙教主11	25	1	60

$魔龙副本2	50	50	魔龙刀兵22	25	10	60
$魔龙副本2	50	50	魔龙破甲兵22	25	10	60
$魔龙副本2	50	50	魔龙射手22	25	10	60
$魔龙副本2	50	50	魔龙巨蛾22	25	2	60
$魔龙副本2	50	50	魔龙力士22	25	2	60
$魔龙副本2	50	50	魔龙教主22	25	1	60



$魔龙副本3	50	50	魔龙刀兵33	25	10	60
$魔龙副本3	50	50	魔龙破甲兵33	25	10	60
$魔龙副本3	50	50	魔龙射手33	25	10	60
$魔龙副本3	50	50	魔龙巨蛾33	25	2	60
$魔龙副本3	50	50	魔龙力士33	25	2	60
$魔龙副本3	50	50	魔龙教主33	25	1	60



$魔龙副本4	50	50	魔龙刀兵44	25	10	60
$魔龙副本4	50	50	魔龙破甲兵44	25	10	60
$魔龙副本4	50	50	魔龙射手44	25	10	60
$魔龙副本4	50	50	魔龙巨蛾44	25	2	60
$魔龙副本4	50	50	魔龙力士44	25	2	60
$魔龙副本4	50	50	魔龙教主44	25	1	60
}