;ƷЧļ
;Ʒ ͼƬ  X Y Wil ڹͼƬ ڹ۲ ڹX ڹY	 ڹWil ͼƬ Wil
~~~~~~~~~~~~~~~~~~~~~~~~~~~~~~~~~~~~~~~~~~~~~~~~~~~~~~~~~~~~~~~~~~~~~~~~~~~~~~~~	65535	0	0	0	0	3630	18	0	0	9	65535	0
ס	3910	10	0	0	6	65535	0	0	0	0	65535	0
¡	3910	10	0	0	6	65535	0	0	0	0	65535	0
䡾	3910	10	0	0	6	65535	0	0	0	0	65535	0
䡾	3910	10	0	0	6	65535	0	0	0	0	65535	0
	3910	10	0	0	6	65535	0	0	0	0	65535	0
䡾	3910	10	0	0	6	65535	0	0	0	0	65535	0
ħס	3910	10	0	0	6	65535	0	0	0	0	65535	0
ħ¡	3910	10	0	0	6	65535	0	0	0	0	65535	0
ȡ	3910	10	0	0	6	65535	0	0	0	0	65535	0
	3910	10	0	0	6	65535	0	0	0	0	65535	0
ͷ	3910	10	0	0	6	65535	0	0	0	0	65535	0
	3910	10	0	0	6	65535	0	0	0	0	65535	0
սס	3910	10	0	0	6	65535	0	0	0	0	65535	0
ս¡	3910	10	0	0	6	65535	0	0	0	0	65535	0
ȡ	3910	10	0	0	6	65535	0	0	0	0	65535	0
ħס	3910	10	0	0	6	3680	8	-41	20	9	65535	0
ħ¡	3910	10	0	0	6	3690	8	-41	20	9	65535	0
ħ䡾	3910	10	0	0	6	65535	0	0	0	0	65535	0
ħ䡾	3910	10	0	0	6	65535	0	0	0	0	65535	0
ħ	3910	10	0	0	6	3630	18	0	72	9	65535	0
ħ䡾	3910	10	0	0	6	65535	0	0	0	0	65535	0
ħħס	3910	10	0	0	6	3680	8	-41	20	9	65535	0
ħħ¡	3910	10	0	0	6	3690	8	-41	20	9	65535	0
ħȡ	3910	10	0	0	6	3610	18	-3	-16	9	65535	0
ħ	3910	10	0	0	6	65535	0	0	0	0	65535	0
ħͷ	3910	10	0	0	6	65535	0	0	0	0	65535	0
ħ	3910	10	0	0	6	65535	0	0	0	0	65535	0
ħսס	3910	10	0	0	6	3680	8	-41	20	9	65535	0
ħս¡	3910	10	0	0	6	3690	8	-41	20	9	65535	0
ħȡ	3910	10	0	0	6	3650	18	5	70	9	65535	0
ƽ	3910	10	0	0	6	65535	0	0	0	0	65535	0
ƽס	3910	10	0	0	6	65535	0	0	0	0	65535	0
ƽ¡	3910	10	0	0	6	65535	0	0	0	0	65535	0
ƽ𸴽䡾	3910	10	0	0	6	65535	0	0	0	0	65535	0
ƽ𻤽䡾	3910	10	0	0	6	65535	0	0	0	0	65535	0
ƽ𽣡	3910	10	0	0	6	3500	14	1	80	9	65535	0
ƽ䡾	3910	10	0	0	6	65535	0	0	0	0	65535	0
ƽħס	3910	10	0	0	6	65535	0	0	0	0	65535	0
ƽħ¡	3910	10	0	0	6	65535	0	0	0	0	65535	0
ƽȡ	3910	10	0	0	6	3480	14	-10	-10	9	65535	0
ƽ	3910	10	0	0	6	65535	0	0	0	0	65535	0
ƽͷ	3910	10	0	0	6	65535	0	0	0	0	65535	0
ƽ	3910	10	0	0	6	65535	0	0	0	0	65535	0
ƽսס	3910	10	0	0	6	65535	0	0	0	0	65535	0
ƽս¡	3910	10	0	0	6	65535	0	0	0	0	65535	0
ƽȡ	3910	10	0	0	6	3520	14	20	60	9	65535	0
ס	3910	10	0	0	6	3800	8	23	70	9	65535	0
¡	3910	10	0	0	6	3800	8	23	70	9	65535	0
䡾	3910	10	0	0	0	65535	0	0	0	0	65535	0
䡾	3910	10	0	0	6	65535	0	0	0	0	65535	0
	3910	10	0	0	6	3820	18	46	148	9	65535	0
䡾	3910	10	0	0	6	65535	0	0	0	0	65535	0
ħס	3910	10	0	0	6	3800	8	23	70	9	65535	0
ħ¡	3910	10	0	0	6	3800	8	23	70	9	65535	0
ȡ	3910	10	0	0	6	3840	18	33	48	9	65535	0
	3910	10	0	0	6	65535	0	0	0	9	65535	0
ͷ	3910	10	0	0	6	65535	0	0	0	0	65535	0
	3910	10	0	0	6	65535	0	0	0	0	65535	0
սס	3910	10	0	0	6	3800	8	23	70	9	65535	0
ս¡	3910	10	0	0	7	3800	8	23	70	9	65535	0
ȡ	3910	10	0	0	6	3860	18	56	102	9	65535	0
֮ʯ	3910	10	0	0	6	65535	0	0	0	0	65535	0
