;盟重土城
;----------------------------------
带刀护卫  3        [380,347]     : 3
带刀护卫  3        [364,363]     : 3
带刀护卫  3        [360,367]     : 3
带刀护卫  3        [373,354]     : 3
带刀护卫  3        [379,332]     : 1
带刀护卫  3        [342,361]     : 3
带刀护卫  3        [346,361]     : 3

带刀护卫  3        [248,312]     : 7
带刀护卫  3        [253,307]     : 7

;巡逻卫士  3        [318,311|318,339|306,351|288,333|300,321|300,301|308,301]     : 7
;巡逻卫士  3        [318,311|308,301|300,301|300,321|288,333|306,351|318,339]     : 7
巡逻卫士  3        [316,370|305,381|294,370|286,378|250,342|286,378|294,370|305,381]     : 7