逐日剑法	0	1	1	0	0	0	
狮子吼	0	1	1	0	0	0	
灭天火	0	1	1	0	0	0	
金刚护盾	0	1	1	0	0	0	
气功波	0	1	1	0	0	0	
噬血术	0	1	1	0	0	0	
擒龙手	0	1	1	0	0	0	
纵横剑术	0	1	1	0	0	0	
火龙气焰	0	1	1	0	0	0	
群体雷电术	0	1	1	0	0	0	
寒冰掌	0	1	1	0	0	0	
解毒术	0	1	1	0	0	0	
诅咒术	0	1	1	0	0	0	
彻地钉	0	1	1	0	0	0	
开天斩	0	1	1	0	0	0	
移形换位	0	1	1	0	0	0	
流星火雨	0	1	1	0	0	0	
群体施毒术	0	1	1	0	0	0	
召唤月灵	0	1	1	0	0	0	
复活术	0	1	1	0	0	0	
三绝杀	0	1	1	0	0	0	
追心刺	0	1	1	0	0	0	
断岳斩	0	1	1	0	0	0	
横扫千军	0	1	1	0	0	0	
双龙破	0	1	1	0	0	0	
凤舞技	0	1	1	0	0	0	
惊雷爆	0	1	1	0	0	0	
冰天雪地	0	1	1	0	0	0	
八卦掌	0	1	1	0	0	0	
三焰咒	0	1	1	0	0	0	
万剑归宗	0	1	1	0	0	0	
穿刺剑法	0	1	1	0	0	0	
冰霜雪雨	0	1	1	0	0	0	
无极真气	0	1	1	0	0	0	
裂神符	0	1	1	0	0	0	
倚天辟地	0	1	1	0	0	0	
护体神盾	0	1	1	0	0	0	
十步一杀	0	1	1	0	0	0	
冰霜群雨	0	1	1	0	0	0	
死亡之眼	0	1	1	0	0	0	
双倍秘籍	0	1	1	0	0	0	
准考证书	0	1	1	0	0	0	
金刚钻	0	1	0	0	0	0	
麻痹戒指	0	1	0	0	0	0	
护身戒指	0	1	0	0	0	0	
复活戒指	0	1	0	0	0	0	
探测项链	0	1	1	0	0	0	
命运之刃	1	1	1	0	0	0	
玄铁屠龙	1	1	1	0	0	0	
绿玉屠龙	1	1	1	0	0	0	
白银开天	1	1	1	0	0	0	
黄金开天	1	1	1	0	0	0	
玄铁神剑	1	1	1	0	0	0	
开天神剑	1	1	1	0	0	0	
天龙圣剑	1	1	1	0	0	0	
游龙圣剑	1	1	1	0	0	0	
血滴子	1	1	1	0	0	0	
三爪杖	1	1	1	0	0	0	
白银法杖	1	1	1	0	0	0	
黄金魔杖	1	1	1	0	0	0	
七彩神刃	1	1	1	0	0	0	
玄冰神剑	1	1	1	0	0	0	
天龙魔剑	1	1	1	0	0	0	
寒冰玄弓	1	1	1	0	0	0	
龙纹剑	1	1	1	0	0	0	
玄冰道刃	1	1	1	0	0	0	
雪浮尘	1	1	1	0	0	0	
白银偃月	1	1	1	0	0	0	
黄金偃月	1	1	1	0	0	0	
宽牙斩	1	1	1	0	0	0	
八卦斩	1	1	1	0	0	0	
天龙道剑	1	1	1	0	0	0	
玄月大刀	1	1	1	0	0	0	
天魔铠甲(男)	1	1	1	0	0	0	
天魔铠甲(女)	1	1	1	0	0	0	
幻魔披风(男)	1	1	1	0	0	0	
幻魔披风(女)	1	1	1	0	0	0	
圣魔道袍(男)	1	1	1	0	0	0	
圣魔道袍(女)	1	1	1	0	0	0	
战意铠甲(男)	1	1	1	0	0	0	
战意铠甲(女)	1	1	1	0	0	0	
乾坤披风(男)	1	1	1	0	0	0	
乾坤披风(女)	1	1	1	0	0	0	
无极道袍(男)	1	1	1	0	0	0	
无极道袍(女)	1	1	1	0	0	0	
白龙战骑(男)	1	1	1	0	0	0	
白龙战骑(女)	1	1	1	0	0	0	
白龙法骑(男)	1	1	1	0	0	0	
白龙法骑(女)	1	1	1	0	0	0	
白龙道骑(男)	1	1	1	0	0	0	
白龙道骑(女)	1	1	1	0	0	0	
决胜紫光(男)	1	1	1	0	0	0	
决胜紫光(女)	1	1	1	0	0	0	
决胜血红(男)	1	1	1	0	0	0	
决胜血红(女)	1	1	1	0	0	0	
决胜绿芒(男)	1	1	1	0	0	0	
决胜绿芒(女)	1	1	1	0	0	0	
魔幻战甲(男)	1	1	1	0	0	0	
魔幻战衣(女)	1	1	1	0	0	0	
魔幻魔甲(男)	1	1	1	0	0	0	
魔幻魔衣(女)	1	1	1	0	0	0	
魔幻道甲(男)	1	1	1	0	0	0	
魔幻道衣(女)	1	1	1	0	0	0	
猩猩战甲(男)	1	1	1	0	0	0	
猩猩战甲(女)	1	1	1	0	0	0	
猩猩魔甲(男)	1	1	1	0	0	0	
猩猩魔甲(女)	1	1	1	0	0	0	
猩猩道甲(男)	1	1	1	0	0	0	
猩猩道甲(女)	1	1	1	0	0	0	
黑色礼服(战)	1	1	1	0	0	0	
白色礼服(战)	1	1	1	0	0	0	
黑色礼服(法)	1	1	1	0	0	0	
白色礼服(法)	1	1	1	0	0	0	
黑色礼服(道)	1	1	1	0	0	0	
白色礼服(道)	1	1	1	0	0	0	
火龙圣铠(男)	1	1	1	0	0	0	
火龙圣铠(女)	1	1	1	0	0	0	
冰龙圣铠(男)	1	1	1	0	0	0	
冰龙圣铠(女)	1	1	1	0	0	0	
天龙圣铠(男)	1	1	1	0	0	0	
天龙圣铠(女)	1	1	1	0	0	0	
圣灵战甲(男)	1	1	1	0	0	0	
圣灵战衣(女)	1	1	1	0	0	0	
圣灵魔甲(男)	1	1	1	0	0	0	
圣灵魔衣(女)	1	1	1	0	0	0	
圣灵道甲(男)	1	1	1	0	0	0	
圣灵道衣(女)	1	1	1	0	0	0	
铜域头盔	1	1	1	0	0	0	
铜域项链	1	1	1	0	0	0	
铜域手镯	1	1	1	0	0	0	
铜域戒指	1	1	1	0	0	0	
木域头盔	1	1	1	0	0	0	
木域项链	1	1	1	0	0	0	
木域手镯	1	1	1	0	0	0	
木域戒指	1	1	1	0	0	0	
土域头盔	1	1	1	0	0	0	
土域项链	1	1	1	0	0	0	
土域手镯	1	1	1	0	0	0	
土域戒指	1	1	1	0	0	0	
贝尔头盔	1	1	1	0	0	0	
贝尔项链	1	1	1	0	0	0	
贝尔手镯	1	1	1	0	0	0	
贝尔戒指の麻	1	1	1	0	0	0	
贝尔戒指の护	1	1	1	0	0	0	
贝尔戒指の复	1	1	1	0	0	0	
(首饰第二套)=1	1	1	1	0	0	0	
金星头盔	1	1	1	0	0	0	
金星项链	1	1	1	0	0	0	
金星手镯	1	1	1	0	0	0	
金星戒指	1	1	1	0	0	0	
土星头盔	1	1	1	0	0	0	
土星项链	1	1	1	0	0	0	
土星手镯	1	1	1	0	0	0	
土星戒指	1	1	1	0	0	0	
水星头盔	1	1	1	0	0	0	
水星项链	1	1	1	0	0	0	
水星手镯	1	1	1	0	0	0	
水星戒指	1	1	1	0	0	0	
黄金头盔	1	1	1	0	0	0	
黄金项链	1	1	1	0	0	0	
黄金手镯	1	1	1	0	0	0	
黄金戒指の麻	1	1	1	0	0	0	
黄金戒指の护	1	1	1	0	0	0	
黄金戒指の复	1	1	1	0	0	0	
(首饰第三套)=2	1	1	1	0	0	0	
怒天头盔	1	1	1	0	0	0	
怒天项链	1	1	1	0	0	0	
怒天手镯	1	1	1	0	0	0	
怒天戒指	1	1	1	0	0	0	
魔神头盔	1	1	1	0	0	0	
魔神项链	1	1	1	0	0	0	
魔神手镯	1	1	1	0	0	0	
魔神戒指	1	1	1	0	0	0	
混沌头盔	1	1	1	0	0	0	
混沌项链	1	1	1	0	0	0	
混沌手镯	1	1	1	0	0	0	
混沌戒指	1	1	1	0	0	0	
恶魔头盔	1	1	1	0	0	0	
恶魔项链	1	1	1	0	0	0	
恶魔手镯	1	1	1	0	0	0	
恶魔戒指の麻	1	1	1	0	0	0	
恶魔戒指の护	1	1	1	0	0	0	
恶魔戒指の复	1	1	1	0	0	0	
(首饰第四套)=3	1	1	1	0	0	0	
赤炎头盔	1	1	1	0	0	0	
赤炎项链	1	1	1	0	0	0	
赤炎手镯	1	1	1	0	0	0	
赤炎戒指	1	1	1	0	0	0	
冰炎头盔	1	1	1	0	0	0	
冰炎项链	1	1	1	0	0	0	
冰炎手镯	1	1	1	0	0	0	
冰炎戒指	1	1	1	0	0	0	
金炎头盔	1	1	1	0	0	0	
金炎项链	1	1	1	0	0	0	
金炎手镯	1	1	1	0	0	0	
金炎戒指	1	1	1	0	0	0	
涅头盔	1	1	1	0	0	0	
涅项链	1	1	1	0	0	0	
涅手镯	1	1	1	0	0	0	
涅戒指の麻	1	1	1	0	0	0	
涅戒指の护	1	1	1	0	0	0	
涅戒指の复	1	1	1	0	0	0	
乌金	1	1	1	0	0	0	
金刚石	1	1	1	0	0	0	
玄铁	1	1	1	0	0	0	
百炼精铁	1	1	1	0	0	0	
龙鳞	1	1	1	0	0	0	
盘古神石	0	1	0	0	0	0	
一转证明卷	1	1	1	0	0	0	
二转证明卷	1	1	1	0	0	0	
三转证明卷	1	1	1	0	0	0	
四转证明卷	1	1	1	0	0	0	
五转证明卷	1	1	1	0	0	0	
矿镐	1	1	1	0	0	0	
大锤	1	1	1	0	0	0	
罪恶之源	1	1	1	0	0	0	
白糖	1	1	1	0	0	0	
年糕	1	1	1	0	0	0	
蚁卵	1	1	1	0	0	0	
蜘蛛毒液	1	1	1	0	0	0	
蜘蛛牙齿	1	1	1	0	0	0	
蜘蛛的猎物	1	1	1	0	0	0	
手骨	1	1	1	0	0	0	
亡魂	1	1	1	0	0	0	
怨恶之眼	1	1	1	0	0	0	
低级押镖令	1	1	1	0	0	0	
中级押镖令	1	1	1	0	0	0	
高级押镖令	1	1	1	0	0	0	
超级押镖令	1	1	1	0	0	0	
灵石[属性转移]	1	1	1	0	0	0	
沃玛号角	1	1	1	0	0	0	
关卡挑战令[恶]	1	1	1	0	0	0	
高级关卡令[恶]	1	1	1	0	0	0	
超级关卡令[恶]	1	1	1	0	0	0	
比武战剑	1	1	1	1	0	0	
比武法剑	1	1	1	1	0	0	
比武道剑	1	1	1	1	0	0	
比武礼服(战)	1	1	1	1	0	0	
比武礼袍(战)	1	1	1	1	0	0	
比武礼服(法)	1	1	1	1	0	0	
比武礼袍(法)	1	1	1	1	0	0	
比武礼服(道)	1	1	1	1	0	0	
比武礼袍(道)	1	1	1	1	0	0	
比武头盔	1	1	1	1	0	0	
比武项链	1	1	1	1	0	0	
比武手镯	1	1	1	1	0	0	
比武戒指	1	1	1	1	0	0	
强化基本剑术	1	1	1	0	0	0	
强化攻杀剑术	1	1	1	0	0	0	
强化刺杀剑术	1	1	1	0	0	0	
强化半月弯刀	1	1	1	0	0	0	
强化烈火剑法	1	1	1	0	0	0	
强化逐日剑法	1	1	1	0	0	0	
强化疾光电影	1	1	1	0	0	0	
强化雷电术	1	1	1	0	0	0	
强化火墙	1	1	1	0	0	0	
强化爆裂火焰	1	1	1	0	0	0	
强化冰咆哮	1	1	1	0	0	0	
强化灭天火	1	1	1	0	0	0	
强化流星火雨	1	1	1	0	0	0	
强化施毒术	1	1	1	0	0	0	
强化灵魂火符	1	1	1	0	0	0	
强化幽灵盾	1	1	1	0	0	0	
强化神圣战甲术	1	1	1	0	0	0	
强化召唤骷髅	1	1	1	0	0	0	
强化召唤神兽	1	1	1	0	0	0	
强化噬血术	1	1	1	0	0	0	
打造武器★秘籍	1	1	1	0	0	0	
打造盔甲★秘籍	1	1	1	0	0	0	
打造头盔★秘籍	1	1	1	0	0	0	
打造项链★秘籍	1	1	1	0	0	0	
打造手镯★秘籍	1	1	1	0	0	0	
打造戒指★秘籍	1	1	1	0	0	0	
打造材料★秘籍	1	1	1	0	0	0	
古老的藏宝图	1	1	1	0	0	0	
贝尔剑【神】	1	1	1	0	0	0	
黄金剑【神】	1	1	1	0	0	0	
恶魔剑【神】	1	1	1	0	0	0	
涅剑【神】	1	1	1	0	0	0	
贝尔杖【神】	1	1	1	0	0	0	
黄金杖【神】	1	1	1	0	0	0	
恶魔杖【神】	1	1	1	0	0	0	
涅杖【神】	1	1	1	0	0	0	
贝尔扇【神】	1	1	1	0	0	0	
黄金扇【神】	1	1	1	0	0	0	
恶魔扇【神】	1	1	1	0	0	0	
涅扇【神】	1	1	1	0	0	0	
贝尔战甲【神】	1	1	1	0	0	0	
贝尔战衣【神】	1	1	1	0	0	0	
贝尔魔甲【神】	1	1	1	0	0	0	
贝尔魔衣【神】	1	1	1	0	0	0	
贝尔道甲【神】	1	1	1	0	0	0	
贝尔道衣【神】	1	1	1	0	0	0	
黄金战甲【神】	1	1	1	0	0	0	
黄金战衣【神】	1	1	1	0	0	0	
黄金魔甲【神】	1	1	1	0	0	0	
黄金魔衣【神】	1	1	1	0	0	0	
黄金道甲【神】	1	1	1	0	0	0	
黄金道衣【神】	1	1	1	0	0	0	
恶魔战甲【神】	1	1	1	0	0	0	
恶魔战衣【神】	1	1	1	0	0	0	
恶魔魔甲【神】	1	1	1	0	0	0	
恶魔魔衣【神】	1	1	1	0	0	0	
恶魔道甲【神】	1	1	1	0	0	0	
恶魔道衣【神】	1	1	1	0	0	0	
涅战甲【神】	1	1	1	0	0	0	
涅战衣【神】	1	1	1	0	0	0	
涅魔甲【神】	1	1	1	0	0	0	
涅魔衣【神】	1	1	1	0	0	0	
涅道甲【神】	1	1	1	0	0	0	
涅道衣【神】	1	1	1	0	0	0	
贝尔头盔【神】	1	1	1	0	0	0	
贝尔项链【神】	1	1	1	0	0	0	
贝尔手镯【神】	1	1	1	0	0	0	
贝尔麻戒【神】	1	1	1	0	0	0	
贝尔护戒【神】	1	1	1	0	0	0	
贝尔复戒【神】	1	1	1	0	0	0	
(首饰第二套)==	1	1	1	0	0	0	
黄金头盔【神】	1	1	1	0	0	0	
黄金项链【神】	1	1	1	0	0	0	
黄金手镯【神】	1	1	1	0	0	0	
黄金麻戒【神】	1	1	1	0	0	0	
黄金护戒【神】	1	1	1	0	0	0	
黄金复戒【神】	1	1	1	0	0	0	
(首饰第三套)==	1	1	1	0	0	0	
恶魔头盔【神】	1	1	1	0	0	0	
恶魔项链【神】	1	1	1	0	0	0	
恶魔手镯【神】	1	1	1	0	0	0	
恶魔麻戒【神】	1	1	1	0	0	0	
恶魔护戒【神】	1	1	1	0	0	0	
恶魔复戒【神】	1	1	1	0	0	0	
(首饰第四套)==	1	1	1	0	0	0	
涅头盔【神】	1	1	1	0	0	0	
涅项链【神】	1	1	1	0	0	0	
涅手镯【神】	1	1	1	0	0	0	
涅麻戒【神】	1	1	1	0	0	0	
涅护戒【神】	1	1	1	0	0	0	
涅复戒【神】	1	1	1	0	0	0	
疾风之刃(贝尔)	1	1	1	0	0	0	
疾风之戒(贝尔)	1	1	1	0	0	0	
神圣之刃(贝尔)	1	1	1	0	0	0	
神圣之戒(贝尔)	1	1	1	0	0	0	
幸运项链(贝尔)	1	1	1	0	0	0	
幸运手镯(贝尔)	1	1	1	0	0	0	
体力头盔(贝尔)	1	1	1	0	0	0	
召唤项链(贝尔)	1	1	1	0	0	0	
疾风之刃(黄金)	1	1	1	0	0	0	
疾风之戒(黄金)	1	1	1	0	0	0	
神圣之刃(黄金)	1	1	1	0	0	0	
神圣之戒(黄金)	1	1	1	0	0	0	
幸运项链(黄金)	1	1	1	0	0	0	
幸运手镯(黄金)	1	1	1	0	0	0	
体力头盔(黄金)	1	1	1	0	0	0	
召唤项链(黄金)	1	1	1	0	0	0	
疾风之刃(恶魔)	1	1	1	0	0	0	
疾风之戒(恶魔)	1	1	1	0	0	0	
神圣之刃(恶魔)	1	1	1	0	0	0	
神圣之戒(恶魔)	1	1	1	0	0	0	
幸运项链(恶魔)	1	1	1	0	0	0	
幸运手镯(恶魔)	1	1	1	0	0	0	
体力头盔(恶魔)	1	1	1	0	0	0	
召唤项链(恶魔)	1	1	1	0	0	0	
疾风之刃(涅)	1	1	1	0	0	0	
疾风之戒(涅)	1	1	1	0	0	0	
神圣之刃(涅)	1	1	1	0	0	0	
神圣之戒(涅)	1	1	1	0	0	0	
幸运项链(涅)	1	1	1	0	0	0	
幸运手镯(涅)	1	1	1	0	0	0	
体力头盔(涅)	1	1	1	0	0	0	
召唤项链(涅)	1	1	1	0	0	0	
神之灵石	1	1	1	0	0	0	
青铜铲子	1	1	1	0	0	0	
白银铲子	1	1	1	0	0	0	
黄金铲子	1	1	1	0	0	0	
副本挑战令(高)	1	1	1	0	0	0	
副本挑战令(超)	1	1	1	0	0	0	
欧阳皮甲(贝尔)	1	1	1	0	0	0	
欧阳皮甲(黄金)	1	1	1	0	0	0	
欧阳皮甲(恶魔)	1	1	1	0	0	0	
欧阳皮甲(涅)	1	1	1	0	0	0	
欧阳皮衣(贝尔)	1	1	1	0	0	0	
欧阳皮衣(黄金)	1	1	1	0	0	0	
欧阳皮衣(恶魔)	1	1	1	0	0	0	
欧阳皮衣(涅)	1	1	1	0	0	0	
紫晶【优秀】	1	1	1	0	0	0	
紫晶【精良】	1	1	1	0	0	0	
紫晶【无暇】	1	1	1	0	0	0	
紫晶【史诗】	1	1	1	0	0	0	
紫晶【传说】	1	1	1	0	0	0	
猪肉干	0	0	0	0	1	1	
猪蹄	0	1	0	0	1	1	
猪肝	0	1	0	0	1	1	
优秀勋章	0	0	0	1	0	0	
精致勋章	0	0	0	1	0	0	
史诗勋章	0	0	0	1	0	0	
传说勋章	0	0	0	1	0	0	
破山	0	1	0	0	0	0	
铁轮	0	1	0	0	0	0	
拂尘	0	1	0	0	0	0	
五彩战刀	0	1	0	0	0	0	
五爪法杖	0	1	0	0	0	0	
五曲道剑	0	1	0	0	0	0	
帝王战刀	0	1	0	0	0	0	
帝王法杖	0	1	0	0	0	0	
帝王道剑	0	1	0	0	0	0	
黄金战刀	0	1	0	0	0	0	
黄金法轮	0	1	0	0	0	0	
黄金道枪	0	1	0	0	0	0	
偃月刀	0	1	0	0	0	0	
冥法棍	0	1	0	0	0	0	
天龙刀	0	1	0	0	0	0	
战影	0	1	0	0	0	0	
法影	0	1	0	0	0	0	
道影	0	1	0	0	0	0	
龙鳞凤羽	0	1	0	0	0	0	
魅影神刃	0	1	0	0	0	0	
新人战甲	0	1	0	0	0	0	
新人战甲(女)	0	1	0	0	0	0	
玄铁战甲	0	1	0	0	0	0	
玄铁战衣	0	1	0	0	0	0	
绿魂战甲	0	1	0	0	0	0	
绿魂战衣	0	1	0	0	0	0	
红魔战甲	0	1	0	0	0	0	
红魔战衣	0	1	0	0	0	0	
土豪战甲	0	1	0	0	0	0	
土豪战衣	0	1	0	0	0	0	
帝王战甲	0	1	0	0	0	0	
帝王战衣	0	1	0	0	0	0	
火龙战甲	0	1	0	0	0	0	
火龙战衣	0	1	0	0	0	0	
圣君战甲	0	1	0	0	0	0	
圣君战衣	0	1	0	0	0	0	
新手戒指	0	1	0	0	0	0	
玄铁戒指	0	1	0	0	0	0	
帝王戒指	0	1	0	0	0	0	
黑狐戒指	0	1	0	0	0	0	
玲珑戒指	0	1	0	0	0	0	
心魔戒指	0	1	0	0	0	0	
孤月戒指	0	1	0	0	0	0	
厄运戒指	0	1	0	0	0	0	
麻痹戒指	0	1	0	0	0	0	
护身戒指	0	1	0	0	0	0	
复活戒指	0	1	0	0	0	0	
逆火麻痹戒	0	1	0	0	0	0	
逆火重生戒	0	1	0	0	0	0	
逆火护体戒	0	1	0	0	0	0	
麻痹复活戒	0	1	0	0	0	0	
护身复活戒	0	1	0	0	0	0	
新手手镯	0	1	0	0	0	0	
玄铁手镯	0	1	0	0	0	0	
帝王手镯	0	1	0	0	0	0	
黑狐手镯	0	1	0	0	0	0	
玲珑手镯	0	1	0	0	0	0	
心魔手镯	0	1	0	0	0	0	
孤月手镯	0	1	0	0	0	0	
厄运手镯	0	1	0	0	0	0	
新手项链	0	1	0	0	0	0	
玄铁项链	0	1	0	0	0	0	
帝王项链	0	1	0	0	0	0	
黑狐项链	0	1	0	0	0	0	
玲珑项链	0	1	0	0	0	0	
心魔项链	0	1	0	0	0	0	
孤月项链	0	1	0	0	0	0	
厄运项链	0	1	0	0	0	0	
新手头盔	0	1	0	0	0	0	
玄铁头盔	0	1	0	0	0	0	
帝王头盔	0	1	0	0	0	0	
黑狐头盔	0	1	0	0	0	0	
玲珑头盔	0	1	0	0	0	0	
心魔头盔	0	1	0	0	0	0	
孤月头盔	0	1	0	0	0	0	
厄运头盔	0	1	0	0	0	0	
豹纹左手	0	1	0	0	0	0	
雄狮右手	0	1	0	0	0	0	
新手靴	0	1	0	0	0	0	
狼人靴	0	1	0	0	0	0	
狂龙靴	0	1	0	0	0	0	
无敌靴	0	1	0	0	0	0	
至尊靴	0	1	0	0	0	0	
通行证	0	1	0	0	0	0	
会员卷	0	1	0	0	0	0	
红牛药包	0	1	0	0	0	0	
初级玄晶	0	1	0	0	0	0	
低级玄晶	0	1	0	0	0	0	
中级玄晶	0	1	0	0	0	0	
高级玄晶	0	1	0	0	0	0	
超级玄晶	0	1	0	0	0	0	
10元宝	0	1	0	0	0	0	
20元宝	0	1	0	0	0	0	
50元宝	0	1	0	0	0	0	
100元宝	0	1	0	0	0	0	
200元宝	0	1	0	0	0	0	
500元宝	0	1	0	0	0	0	
1000元宝	0	1	0	0	0	0	
新手腰带	0	1	0	0	0	0	
狼人腰带	0	1	0	0	0	0	
狂龙腰带	0	1	0	0	0	0	
无敌腰带	0	1	0	0	0	0	
至尊腰带	0	1	0	0	0	0	
新手勋章	0	1	0	0	0	0	
狼人勋章	0	1	0	0	0	0	
狂龙勋章	0	1	0	0	0	0	
无敌勋章	0	1	0	0	0	0	
至尊勋章	0	1	0	0	0	0	
新手宝石	0	1	0	0	0	0	
狼人宝石	0	1	0	0	0	0	
狂龙宝石	0	1	0	0	0	0	
无敌宝石	0	1	0	0	0	0	
至尊宝石	0	1	0	0	0	0	
