[@弓箭护卫]
{
;比奇省

0	23	347	弓箭护卫        0     1     10
0	24	347	弓箭护卫        0     1     10
0	23	357	弓箭护卫        0     1     10
0	24	357	弓箭护卫        0     1     10

0     321   36    弓箭护卫        0     1     10
0     320   37    弓箭护卫        0     1     10
0     326   43    弓箭护卫        0     1     10
0     327   42    弓箭护卫        0     1     10

0     665   87    弓箭护卫        0     1     10
0     666   86    弓箭护卫        0     1     10
0     671   94    弓箭护卫        0     1     10
0     672   93    弓箭护卫        0     1     10

0     340   513   弓箭护卫        0     1     10
0     341   514   弓箭护卫        0     1     10

0     367   487   弓箭护卫        0     1     10
0     368   488   弓箭护卫        0     1     10

0     318   244   弓箭护卫        0     1     10
0     300   207   弓箭护卫        0     1     10
0     310   227   弓箭护卫        0     1     10
0     313   230   弓箭护卫        0     1     10
0     309   286   弓箭护卫        0     1     10
0     329   289   弓箭护卫        0     1     10
0     355   280   弓箭护卫        0     1     10
0     362   301   弓箭护卫        0     1     10
0     374   291   弓箭护卫        0     1     10
0     321   257   弓箭护卫        0     1     10
0     301   319   弓箭护卫        0     1     10
0     335   309   弓箭护卫        0     1     10
0     339   313   弓箭护卫        0     1     10

;封魔谷
4     444   192    弓箭护卫        0     1     10
4     443   192    弓箭护卫        0     1     10
4     444   186    弓箭护卫        0     1     10
4     443   186    弓箭护卫        0     1     10

;沃玛森林
1     205   526    弓箭护卫        0     1     10
1     206   526    弓箭护卫        0     1     10
1     205   533    弓箭护卫        0     1     10
1     206   533    弓箭护卫        0     1     10

1     559   551    弓箭护卫        0     1     10
1     560   550    弓箭护卫        0     1     10
1     566   556    弓箭护卫        0     1     10
1     565   557    弓箭护卫        0     1     10

1     53    165    弓箭护卫        0     1     10
1     54    166    弓箭护卫        0     1     10
1     49    171    弓箭护卫        0     1     10
1     48    170    弓箭护卫        0     1     10

1     45    37     弓箭护卫        0     1     10
1     44    36     弓箭护卫        0     1     10
1     49    31     弓箭护卫        0     1     10
1     50    32     弓箭护卫        0     1     10

;白日门
11    44    481    弓箭护卫        0     1     10
11    43    480    弓箭护卫        0     1     10
11    49    474    弓箭护卫        0     1     10
11    50    475    弓箭护卫        0     1     10

;魔龙城
6     468   375    弓箭护卫        0     1     10
6     467   376    弓箭护卫        0     1     10
6     473   382    弓箭护卫        0     1     10
6     474   381    弓箭护卫        0     1     10

;苍月岛
5 122 334 弓箭守卫 0 1 10
5 136 336 弓箭守卫 0 1 10
5 143 324 弓箭守卫 0 1 10
5 164 357 弓箭守卫 0 1 10
5 169 352 弓箭守卫 0 1 10
5 140 362 弓箭守卫 0 1 10
5 131 301 弓箭守卫 0 1 10

;盟重大地图
3     273   743   弓箭护卫        0     1     10
3     272   744   弓箭护卫        0     1     10
3     278   750   弓箭护卫        0     1     10
3     279   749   弓箭护卫        0     1     10

3     512   770   弓箭护卫        0     1     10
3     513   769   弓箭护卫        0     1     10
3     519   777   弓箭护卫        0     1     10
3     520   776   弓箭护卫        0     1     10

3     325   311   弓箭护卫        0     1     10
3     347   332   弓箭护卫        0     1     10
3     296   334   弓箭护卫        0     1     10
3     302   340   弓箭护卫        0     1     10
3     305   290   弓箭护卫        0     1     10
3     288   305   弓箭护卫        0     1     10
3     302   370   弓箭护卫        0     1     10
3     336   320   弓箭护卫        0     1     10
3     339   310   弓箭护卫        0     1     10
3     316   332   弓箭护卫        0     1     10
}